Scenario 1: Learning Rate = 0.1, Loss Function = MSELoss
Number of Batches: 128
Epoch	Loss	Validation loss	RMSE	Validation Accuracy
Scenario 1: Learning Rate = 0.1, Loss Function = MSELoss
Number of Batches: 128
Epoch	Loss	Validation loss	RMSE	Validation Accuracy
1	1.0734	0.9942	1.13	44.76
2	0.9678	0.9678	1.09	46.63
3	0.9427	0.9869	1.13	44.84
4	0.9286	0.9729	1.11	45.42
5	0.9209	1.0308	1.19	42.35
6	0.9147	0.9683	1.11	45.21
7	0.9089	1.0040	1.17	42.77
8	0.9022	1.0178	1.19	42.00
9	0.8985	1.0280	1.21	41.68
10	0.8912	0.9775	1.14	44.04

Scenario 2: Learning Rate = 0.1, Loss Function = MSELoss
Number of Batches: 64
Epoch	Loss	Validation loss	RMSE	Validation Accuracy
1	1.3985	1.0867	1.34	38.44
2	1.0900	1.0882	1.34	48.11
3	1.0919	1.1003	1.34	38.49
4	1.0928	1.1063	1.34	38.44
5	1.0916	1.1031	1.34	38.41
6	1.0925	1.0877	1.33	48.11
7	1.0925	1.0898	1.34	38.47
8	1.0916	1.1298	1.34	38.42
9	1.0920	1.0891	1.34	38.37
10	1.0943	1.0882	1.34	38.39

Scenario 3: Learning Rate = 0.1, Loss Function = MSELoss
Number of Batches: 32
Epoch	Loss	Validation loss	RMSE	Validation Accuracy
1	1.1827	1.0925	1.34	48.10
2	1.0958	1.0876	1.34	38.40
3	1.0943	1.0977	1.34	48.09
4	1.0957	1.0872	1.34	48.12
5	1.0950	1.1113	1.34	38.41
6	1.0960	1.1001	1.34	38.41
7	3.1025	1.0879	1.34	38.41
8	1.0993	1.1003	1.34	38.42
9	1.0949	1.0905	1.34	38.42
10	1.0956	1.1013	1.34	38.42
11	1.0949	1.0997	1.33	48.11
12	1.0957	1.0922	1.33	48.12
13	1.0942	1.1312	1.34	38.42
14	1.0960	1.1037	1.34	38.41
15	1.0955	1.0891	1.34	38.43
16	1.0951	1.0999	1.34	48.11
17	1.0965	1.1118	1.34	38.42
18	1.0940	1.1095	1.34	38.41
19	1.0950	1.0900	1.34	38.41
20	1.0955	1.0868	1.34	48.10

Scenario 4: Learning Rate = 0.1, Loss Function = MSELoss
Number of Batches: 64
Epoch	Loss	Validation loss	RMSE	Validation Accuracy
1	1.1836	1.0871	1.34	38.46
2	1.0925	1.0961	1.34	38.44
3	1.0906	1.0927	1.34	48.09
4	1.0923	1.0853	1.33	48.12
5	1.0919	1.0883	1.34	48.05
6	1.0930	1.0854	1.33	48.13
7	1.0922	1.1074	1.34	38.42
8	1.0929	1.0941	1.34	48.12
9	1.0928	1.1137	1.34	38.39
10	2.6724	1.0882	1.34	48.08
11	1.0909	1.0894	1.34	38.41
12	1.0913	1.0876	1.34	48.10
13	1.0922	1.0870	1.33	48.13
14	1.0930	1.0907	1.33	48.13
15	1.0934	1.0871	1.34	38.48
16	1.0927	1.0982	1.34	48.11
17	1.0918	1.0872	1.33	48.14
18	1.0917	1.0894	1.33	48.11
19	1.0921	1.0879	1.34	38.38
20	1.0919	1.0889	1.34	48.11
21	1.0933	1.0866	1.33	48.10
22	1.0922	1.0903	1.34	38.43
23	1.0933	1.0922	1.34	48.06
24	1.0926	1.0943	1.33	48.15
25	1.0923	1.1006	1.34	48.02
26	1.0929	1.0862	1.34	38.44
27	1.0929	1.0912	1.33	48.14
28	1.0918	1.0980	1.34	48.07
29	1.0925	1.0877	1.34	38.43
30	1.0932	1.0887	1.34	38.35
31	1.0928	1.0904	1.34	48.09
32	1.0921	1.0860	1.34	38.40
33	1.0927	1.0867	1.33	48.06
34	1.0922	1.0879	1.34	48.06
35	1.0922	1.0850	1.34	38.44
36	1.0927	1.0872	1.34	38.43
37	1.0925	1.0886	1.34	38.37
38	1.0920	1.0909	1.34	48.09
39	1.0923	1.1097	1.33	48.12
40	1.0930	1.0875	1.34	38.45
41	1.0920	1.0889	1.34	38.39
42	1.0928	1.1138	1.34	38.42
43	1.0927	1.1116	1.34	48.08
44	1.0935	1.0897	1.33	48.12
45	1.0937	1.0888	1.34	48.11
46	1.0917	1.0871	1.33	48.17
47	1.0937	1.0949	1.34	48.13
48	1.0928	1.0854	1.33	48.17
49	1.0916	1.0860	1.34	38.47
50	1.0924	1.0893	1.34	38.44
51	1.0922	1.0966	1.34	38.40
52	1.0918	1.1085	1.34	48.13
53	1.0929	1.0891	1.34	38.36
54	1.0927	1.0890	1.34	48.09
55	1.0927	1.0869	1.34	38.40
56	1.0932	1.0952	1.34	48.13
57	1.0928	1.0867	1.34	48.12
58	1.0929	1.0872	1.34	48.12
59	1.0939	1.0886	1.34	38.42
60	1.0925	1.0869	1.33	48.10
61	1.0921	1.0923	1.34	38.47
62	1.0925	1.1200	1.34	48.07
63	1.0934	1.0934	1.34	48.10
64	1.0927	1.0939	1.33	48.10
65	1.0923	1.0960	1.34	38.46
66	1.0928	1.0930	1.34	38.34
67	1.0925	1.0875	1.34	38.44
68	1.0927	1.0872	1.33	48.08
69	1.0919	1.0989	1.34	38.42
70	1.0926	1.1289	1.33	48.17
71	1.0935	1.1080	1.34	48.09
72	1.0919	1.0878	1.34	38.45
73	1.0919	1.0972	1.33	48.12
74	1.0928	1.0862	1.34	38.38
75	1.0929	1.0846	1.33	48.10
76	1.0935	1.0877	1.34	48.08
77	1.0923	1.0920	1.33	48.14
78	1.0926	1.0890	1.34	48.08
79	1.0925	1.0879	1.34	38.41
80	1.0924	1.0977	1.33	48.09
81	1.0929	1.0877	1.34	38.41
82	1.0918	1.0893	1.34	38.41
83	1.0932	1.0874	1.34	38.48
84	1.0927	1.0908	1.34	38.44
85	1.0927	1.0860	1.33	48.15
86	1.0925	1.0978	1.33	48.10
87	1.0928	1.0865	1.33	48.10
88	1.0921	1.0939	1.34	48.12
89	1.0915	1.0938	1.34	38.36
90	1.0925	1.1021	1.34	48.06
91	1.0918	1.0916	1.33	48.12
92	1.0921	1.0911	1.34	38.41
93	1.0920	1.0870	1.34	38.42
94	1.0926	1.0890	1.34	38.43
95	1.0942	1.0922	1.34	38.36
96	1.0925	1.1006	1.33	48.11
97	1.0931	1.0909	1.34	38.42
98	1.0919	1.0950	1.34	48.09
99	1.0929	1.0883	1.34	38.37
100	1.0916	1.0887	1.33	48.11

Scenario 5: Learning Rate = 0.01, Loss Function = SmoothL1Loss
Number of Batches: 128
Scheduler: StepLR
Epoch	Loss	Validation loss	RMSE	Validation Accuracy
1	0.4507	0.3697	0.95	51.63
2	0.3545	0.3360	0.88	55.25
3	0.3269	0.3293	0.86	56.15
4	0.3087	0.3311	0.89	56.78
5	0.2990	0.3305	0.89	56.64
6	0.2953	0.3290	0.88	56.65
7	0.2915	0.3298	0.90	56.39
8	0.2900	0.3491	0.97	55.38
9	0.2862	0.3269	0.85	56.74
10	0.2819	0.3271	0.85	56.30
11	0.2807	0.3311	0.87	55.85
12	0.2787	0.3336	0.92	55.59
13	0.2744	0.3291	0.91	56.05
14	0.2707	0.3292	0.90	56.15
15	0.2690	0.3267	0.88	56.20
16	0.2662	0.3259	0.90	56.31
17	0.2635	0.3272	0.88	56.17
18	0.2605	0.3309	0.91	56.37
19	0.2583	0.3254	0.88	56.08
20	0.2535	0.3304	0.89	56.85

Scenario 6: Learning Rate = 0.01, Loss Function = MSELoss
Number of Batches: 128
Scheduler: StepLR
Epoch	Loss	Validation loss	RMSE	Validation Accuracy
1	1.1502	0.8563	0.96	52.18
2	0.8472	0.8094	0.90	53.38
3	0.7793	0.7813	0.87	54.36
4	0.7328	0.7815	0.86	56.12
5	0.7017	0.7864	0.89	56.06
6	0.6792	0.7689	0.86	56.40
7	0.6707	0.7818	0.89	55.73
8	0.6567	0.7841	0.88	55.95
9	0.6460	0.7722	0.85	55.92
10	0.6347	0.7940	0.89	56.12
11	0.6244	0.7761	0.86	56.09
12	0.6154	0.7821	0.88	55.72
13	0.6047	0.7730	0.86	55.34
14	0.5947	0.7754	0.87	55.65
15	0.5847	0.7982	0.89	55.94
16	0.5788	0.7746	0.88	55.70
17	0.5663	0.7767	0.88	55.34
18	0.5624	0.7825	0.89	55.31
19	0.5527	0.8062	0.90	55.52
20	0.5479	0.8070	0.89	54.76
21	0.5389	0.8019	0.90	55.23
22	0.5342	0.8082	0.92	55.60
23	0.5285	0.8000	0.91	54.69
24	0.5204	0.8069	0.92	54.67
25	0.5190	0.8072	0.92	54.94
26	0.5102	0.8144	0.93	55.09
27	0.5076	0.8107	0.92	55.87
28	0.5052	0.7941	0.91	54.84
29	0.5044	0.8165	0.91	55.36
30	0.4941	0.8181	0.93	55.29
31	0.4915	0.8115	0.92	55.15
32	0.4885	0.8150	0.92	54.88
33	0.4856	0.8141	0.91	55.23
34	0.4835	0.7965	0.90	54.63
35	0.4804	0.8199	0.94	54.95
36	0.4740	0.8476	0.94	55.24
37	0.4753	0.8687	0.97	54.94
38	0.4705	0.8126	0.92	54.95
39	0.4682	0.8438	0.93	55.23
40	0.4628	0.8115	0.92	54.65
41	0.4619	0.8482	0.94	55.40
42	0.4622	0.8120	0.92	54.67
43	0.4583	0.8355	0.94	54.69
44	0.4592	0.8226	0.92	55.02
45	0.4558	0.8231	0.92	54.35
46	0.4519	0.8250	0.92	55.06
47	0.4486	0.8203	0.91	54.50
48	0.4483	0.8378	0.93	55.31
49	0.4486	0.8677	0.97	54.90
50	0.4456	0.8392	0.94	54.90
51	0.4440	0.8390	0.93	54.75
52	0.4449	0.8225	0.92	55.05
53	0.4407	0.8459	0.94	54.01
54	0.4401	0.8538	0.95	54.41
55	0.4381	0.8350	0.96	53.84
56	0.4337	0.8389	0.94	54.93
57	0.4332	0.8453	0.94	55.00
58	0.4336	0.8374	0.95	54.79
59	0.4288	0.8234	0.92	54.36
60	0.4290	0.8262	0.93	54.47
61	0.4316	0.8518	0.95	54.58
62	0.4294	0.8394	0.94	54.34
63	0.4269	0.8271	0.92	54.63
64	0.4294	0.8475	0.94	54.73
65	0.4255	0.8413	0.94	54.21
66	0.4255	0.8622	0.95	55.29
67	0.4265	0.9065	0.99	54.79
68	0.4239	0.8700	0.98	54.60
69	0.4238	0.8585	0.95	54.20
70	0.4221	0.8664	0.95	54.29
71	0.4155	0.8383	0.94	54.04
72	0.4204	0.8620	0.95	54.76
73	0.4134	0.8708	0.97	54.20
74	0.4168	0.8836	0.97	54.72
75	0.4183	0.8796	0.99	54.54
76	0.4154	0.8310	0.93	54.71
77	0.4140	0.8508	0.94	54.59
78	0.4130	0.8520	0.95	54.14
79	0.4150	0.8783	0.99	54.00
80	0.4112	0.8470	0.95	54.26
81	0.4141	0.8343	0.93	54.17
82	0.4107	0.8636	0.95	55.12
83	0.4139	0.8718	0.97	54.50
84	0.4109	0.9519	1.03	53.68
85	0.4047	0.8398	0.94	54.48
86	0.4074	0.8764	0.99	53.89
87	0.4078	0.8706	0.97	54.71
88	0.4082	0.8826	0.97	54.49
89	0.4030	0.8646	0.95	53.85
90	0.4059	0.8810	0.97	54.44
91	0.4067	0.8577	0.95	54.97
92	0.4017	0.8686	0.95	54.75
93	0.4068	0.8464	0.95	53.85
94	0.4031	0.8973	0.99	54.58
95	0.4082	0.8607	0.96	53.91
96	0.4074	0.8794	0.96	54.49
97	0.4004	0.9135	1.00	54.09
98	0.4013	0.9055	1.01	54.41
99	0.4046	0.9035	0.99	54.38
100	0.3987	0.8710	0.95	54.66
101	0.3991	0.9101	0.98	54.57
102	0.3975	0.8626	0.96	54.51
103	0.4015	0.9413	1.02	54.00
104	0.4026	0.8640	0.95	54.37
105	0.3996	0.8730	0.95	53.90
106	0.3990	0.8519	0.95	54.26
107	0.4011	0.8597	0.96	53.97
108	0.3982	0.8597	0.96	54.63
109	0.3994	0.8798	0.98	54.57
110	0.3960	0.9197	1.00	54.51
111	0.3956	0.8826	0.97	54.69
112	0.3953	0.9330	1.01	54.21
113	0.3922	0.8591	0.95	54.76
114	0.3974	0.8617	0.95	54.03
115	0.3952	0.8760	0.98	54.69
116	0.3926	0.8479	0.96	53.88
117	0.3973	0.8646	0.97	55.02
118	0.3918	0.8532	0.95	54.64
119	0.3907	0.9086	1.00	54.75
120	0.3903	0.8571	0.94	55.31
121	0.3917	0.8463	0.95	54.43
122	0.3914	0.8656	0.99	54.07
123	0.3935	0.8525	0.96	53.64
124	0.3912	0.8838	0.98	53.93
125	0.3885	0.8768	0.98	53.67
126	0.3893	0.9301	1.03	53.63
127	0.3913	0.8684	0.96	54.85
128	0.3892	0.8629	0.97	54.21
129	0.3896	0.8876	0.98	54.01
130	0.3862	0.8586	0.95	54.11
131	0.3886	0.9123	1.01	54.50
132	0.3916	0.8782	0.98	54.96
133	0.3915	0.8770	0.97	54.13
134	0.3924	0.8956	0.99	54.45
135	0.3887	0.8830	0.98	54.34
136	0.3860	0.8625	0.97	54.07
137	0.3874	0.8930	0.98	54.68
138	0.3867	0.9054	0.99	54.81
139	0.3848	0.8854	0.97	53.97
140	0.3845	0.8717	0.97	54.55
141	0.3865	0.8777	0.97	54.35
142	0.3888	0.8875	0.98	54.54
143	0.3893	0.9102	0.99	54.76
144	0.3871	0.8750	0.96	54.93
145	0.3904	0.8837	0.97	53.74
146	0.3836	0.8971	0.99	55.00
147	0.3861	0.9095	0.99	54.62
148	0.3854	0.9187	1.01	54.75
149	0.3841	0.8774	0.98	55.03
150	0.3875	0.8588	0.97	53.88
151	0.3844	0.9236	1.01	54.46
152	0.3852	0.8743	0.97	54.93
153	0.3875	0.8923	0.98	54.22
154	0.3845	0.8943	1.00	54.64
155	0.3828	0.9187	1.01	54.51
156	0.3836	0.8824	0.98	54.27
157	0.3850	0.8894	0.98	54.09
158	0.3865	0.8647	0.97	54.62
159	0.3841	0.8953	0.99	54.58
160	0.3782	0.8825	0.98	54.49
161	0.3771	0.9042	0.99	54.63
162	0.3755	0.8900	0.98	54.78
163	0.3789	0.9278	1.01	54.37
164	0.3773	0.9105	1.00	54.32
165	0.3795	0.8717	0.98	54.36
166	0.3803	0.9029	0.98	54.86
167	0.3804	0.8834	0.98	55.36
168	0.3808	0.8727	0.97	53.89
169	0.3780	0.8898	0.99	54.61
170	0.3807	0.8774	0.98	54.73
171	0.3799	0.9270	1.02	54.16
172	0.3820	0.8881	0.97	54.85
173	0.3779	0.8719	0.97	53.98
174	0.3810	0.8675	0.97	54.18
175	0.3827	0.9307	1.01	54.77
176	0.3837	0.8673	0.97	53.97
177	0.3814	0.8653	0.96	54.20
178	0.3782	0.8672	0.98	53.78
179	0.3823	0.8591	0.97	53.91
180	0.3779	0.9005	1.00	54.60
181	0.3788	0.8643	0.97	54.65
182	0.3795	0.8989	1.00	54.52
183	0.3800	0.9191	1.02	53.77
184	0.3738	0.9577	1.05	53.99
185	0.3767	0.9142	1.00	54.71
186	0.3738	0.9072	1.00	54.29
187	0.3787	0.8663	0.97	54.31
188	0.3737	0.8834	0.98	54.19
189	0.3753	0.8972	0.98	54.32
190	0.3808	0.8730	0.98	53.82
191	0.3745	0.8806	0.97	54.86
192	0.3802	0.9013	0.99	54.58
193	0.3790	0.9583	1.05	53.47
194	0.3735	0.8749	0.97	54.84
195	0.3716	0.8843	0.98	54.54
196	0.3756	0.9186	1.00	54.31
197	0.3791	0.9017	1.00	54.42
198	0.3758	0.9241	1.01	54.17
199	0.3781	0.9149	1.00	54.33
200	0.3763	0.8810	0.98	53.94

