Scenario 1: Learning Rate = 0.1, Loss Function = MSELoss
Number of Batches: 64
Epoch	Loss	Validation loss	RMSE	Validation Accuracy
1	0.9555	0.9490	1.01	53.36
2	0.9448	0.9474	1.02	53.42
3	0.9427	0.9564	1.04	52.14
4	0.9387	0.9334	0.99	54.04
5	0.9362	0.9362	1.01	53.33
6	0.9332	0.8904	0.93	55.75
7	0.9316	0.9180	1.00	53.56
8	0.9276	0.9192	0.99	53.78
9	0.9238	0.9317	1.00	53.92
10	0.9231	0.9135	0.97	54.86

Scenario 2: Learning Rate = 0.1, Loss Function = MSELoss
Number of Batches: 64
Epoch	Loss	Validation loss	RMSE	Validation Accuracy
1	2.3707	2.2367	2.32	38.35
2	3.1200	3.4614	3.53	32.95
3	3.5978	3.0316	3.11	34.47
4	4.0696	3.3781	3.46	33.93
5	4.4065	2.9800	3.07	35.22
6	4.8699	4.4991	4.58	29.34
7	5.0518	5.3202	5.41	27.17
8	5.3110	2.9311	3.02	35.57
9	5.2668	4.0157	4.10	30.77
10	5.5180	4.7877	4.87	29.71

Scenario 3: Learning Rate = 0.1, Loss Function = MSELoss
Number of Batches: 32
Epoch	Loss	Validation loss	RMSE	Validation Accuracy
1	4.8910	4.2574	4.34	30.37
2	7.6516	5.3775	5.46	27.17
3	9.8527	17.5837	17.67	15.87
4	11.2733	12.8274	12.92	17.99
5	12.5693	10.2875	10.39	20.31
6	13.4889	10.2644	10.36	20.22
7	14.6722	16.8394	16.93	16.59
8	15.0289	6.4316	6.53	25.30
9	15.9605	20.4926	20.57	14.86
10	16.8683	12.4696	12.54	18.76
11	17.2762	16.6812	16.78	16.81
12	18.7468	24.2939	24.36	13.84
13	18.0067	9.7378	9.83	20.74
14	18.9823	16.0852	16.17	16.59
15	19.6234	18.7833	18.86	16.14
16	20.1088	8.6399	8.73	22.59
17	20.0138	20.2902	20.37	15.60
18	20.3557	13.1888	13.27	18.52
19	21.3755	59.1243	59.22	9.37
20	21.4206	14.0535	14.13	18.34

Scenario 4: Learning Rate = 0.1, Loss Function = MSELoss
Number of Batches: 64
Epoch	Loss	Validation loss	RMSE	Validation Accuracy
1	2.4029	4.2138	4.30	29.02
2	3.1053	3.4356	3.51	32.23
3	3.6462	2.9737	3.05	34.27
4	4.1436	6.1837	6.27	24.46
5	4.5367	2.9971	3.08	34.48
6	4.7728	4.5263	4.61	29.46
7	5.0040	4.1391	4.22	31.16
8	5.2759	4.5006	4.59	29.54
9	5.6742	4.3898	4.46	30.33
10	5.4812	2.7830	2.87	34.88
11	6.0060	8.4429	8.54	23.36
12	6.1808	4.1009	4.17	31.93
13	6.1299	3.5109	3.61	32.93
14	6.2982	3.3098	3.39	33.98
15	6.3718	8.4037	8.49	22.88
16	6.7206	7.2262	7.29	25.02
17	6.5450	6.3057	6.40	26.21
18	6.7395	8.5067	8.59	22.27
19	7.0703	3.8887	3.98	32.55
20	6.9870	4.4350	4.50	29.64
21	6.9885	3.9829	4.08	31.75
22	7.1676	8.4208	8.50	22.64
23	7.2652	4.2425	4.34	30.37
24	7.3107	6.2048	6.28	26.95
25	7.4207	8.4922	8.57	23.19
26	7.3965	3.0860	3.17	35.04
27	7.6406	4.9014	5.00	28.66
28	7.5793	6.4722	6.55	26.24
29	7.6627	7.2279	7.32	26.01
30	7.7077	5.1035	5.19	28.52
31	7.8680	3.4380	3.53	34.47
32	8.0301	7.0141	7.09	24.43
33	7.8746	4.4543	4.55	30.08
34	7.8414	5.2519	5.34	29.38
35	8.1151	3.3732	3.46	34.43
36	8.2443	12.9654	13.04	19.24
37	8.3170	2.3577	2.43	39.04
38	7.9537	7.4416	7.55	24.25
39	8.3956	4.9504	5.04	29.18
40	8.3246	9.5390	9.63	22.30
41	8.2941	12.5302	12.60	19.61
42	8.3310	7.2742	7.36	24.22
43	8.3173	5.8541	5.93	27.22
44	8.1984	4.9068	4.99	28.69
45	8.7590	6.4722	6.58	25.15
46	8.6713	15.7183	15.78	18.02
47	8.8034	4.3635	4.45	30.44
48	8.6912	10.2367	10.31	21.95
49	8.8232	4.9594	5.05	29.18
50	8.7043	4.9746	5.06	29.67
51	8.6866	5.7017	5.80	27.33
52	8.8710	6.9967	7.08	24.76
53	8.8903	8.9591	9.04	23.18
54	9.1207	5.6014	5.69	26.48
55	8.4444	8.0996	8.18	23.96
56	9.0089	11.3958	11.49	20.01
57	9.0360	4.1607	4.24	31.02
58	8.8149	7.2048	7.29	25.61
59	8.6748	3.1297	3.22	34.39
60	9.1564	7.2777	7.36	25.75
61	9.0666	5.6619	5.75	27.33
62	8.7260	11.0450	11.13	21.22
63	9.2636	8.2285	8.32	23.82
64	9.1934	3.4175	3.52	33.29
65	8.9920	5.6701	5.75	27.27
66	9.0151	4.3023	4.39	31.00
67	9.3738	6.4631	6.55	25.33
68	9.1639	4.1486	4.23	31.03
69	9.4342	3.9412	4.03	32.18
70	9.1349	7.1030	7.17	24.97
71	8.8917	9.9672	10.03	22.47
72	9.4933	14.4373	14.54	17.84
73	9.2226	4.0063	4.09	32.24
74	8.9000	7.6467	7.73	25.44
75	9.2466	6.7352	6.81	25.78
76	9.3867	7.5259	7.62	24.90
77	9.3202	13.7959	13.88	18.76
78	9.6101	4.9103	5.00	28.25
79	9.3258	3.5034	3.59	33.11
80	9.5712	6.8576	6.95	25.18
81	9.5015	9.4770	9.55	22.17
82	9.1425	5.3952	5.47	27.93
83	9.0914	3.6322	3.71	34.16
84	9.9464	8.5634	8.65	23.17
85	9.7941	5.0783	5.17	29.01
86	9.1196	5.3592	5.45	28.09
87	9.0052	5.6121	5.70	28.14
88	9.8977	10.5330	10.65	21.07
89	9.3154	2.9556	3.03	36.38
90	9.3110	12.2822	12.37	19.87
91	9.6420	8.5263	8.61	23.91
92	9.8411	13.7996	13.86	18.10
93	9.4694	5.4946	5.58	28.04
94	9.9457	4.9888	5.06	29.80
95	9.7761	4.8305	4.93	28.61
96	9.5253	9.5643	9.64	22.20
